
2084482585
2068508295
2082907751
2086106851
2083046689
2082550879
2067135468
2085204187
2086616066
2085680081
2086608050
5095726274
2085875089
7073344545
2084370165
2084373265
2082659446
2084481145
2084373100
2084370558
2084370382
2086236105
2082659622
4253186151
2082659299
2084482680
2084374274
2084481552
3603579234
2082173019
2089467065
2084370267
2084370535
2084372021
2086100201
7752095264
2082178078
2082555217
5095890724
2086258583
2084482396
2086236244
5092027615
4057224702
2084481451
2084370286
2084481676
2086875460
5096079785
2084372070
2084370350
3603482469
3604432195
5093156134
2087731467
2532029892
2084480716
2084481636
